<?xml version="1.0"?>
<opencv_storage>
<intrinsic type_id="opencv-matrix">
  <rows>3</rows>
  <cols>3</cols>
  <dt>d</dt>
  <data>
    8.2501179776322579e+02 0. 5.8379464813350910e+02 0.
    8.2486341475418055e+02 3.3350226229262671e+02 0. 0. 1.</data></intrinsic>
<distortion type_id="opencv-matrix">
  <rows>1</rows>
  <cols>5</cols>
  <dt>d</dt>
  <data>
    -1.8543942239683192e-01 2.6749619743351694e-01
    -4.6114206711048442e-03 3.8466143684179513e-02
    -1.0604835362025593e-01</data></distortion>
</opencv_storage>
